landmark_0: [0.07199917934434641, -1.9057033478924366]
landmark_1: [-2.079866720615132, 4.44579739576603]
landmark_10: [-2.7033569050928676, 4.703394755368839]
landmark_11: [4.2483654888254865, 3.7859839677206857]
landmark_12: [-0.991570196718615, -1.0474154046424844]
landmark_13: [3.3730088200339274, 4.528629778141971]
landmark_14: [-2.4446633828552033, -1.0966736662722254]
landmark_15: [3.8727482391909636, 4.19858843399062]
landmark_16: [-2.5892177401103456, 3.867430622531371]
landmark_17: [2.22373120101608, -4.627447550074601]
landmark_18: [-1.1357498712991787, 2.6493067385443823]
landmark_19: [3.311985851791487, 4.762722030004575]
landmark_2: [3.8769060313695363, -3.2553116887001856]
landmark_20: [3.450090910030868, -4.8448579213226335]
landmark_21: [-3.8132964915032916, 4.212114429507871]
landmark_22: [1.6201560150911307, -2.9725541327051905]
landmark_23: [2.210359013946367, 4.121928261887808]
landmark_24: [1.6366120838015288, 0.27476861465198343]
landmark_25: [-4.494347311158916, -1.520669219630828]
landmark_26: [-1.369071095444184, 2.888279659640986]
landmark_27: [2.1079073928430256, 3.1575768552200945]
landmark_28: [-0.32409849910622146, 4.765277252030938]
landmark_29: [-0.4075176898041697, -1.7227658514468]
landmark_3: [-0.8190579638200033, -3.533916061109723]
landmark_30: [4.099442593120266, 3.4165060374310787]
landmark_31: [-2.8246399988326463, 4.741441275160094]
landmark_32: [-2.830997577232549, -1.6423355998926992]
landmark_33: [2.9855614076514883, -0.5450352450013956]
landmark_34: [-2.8023806446955724, -0.7589948030204816]
landmark_35: [-0.45407191718415163, -4.59426660520399]
landmark_36: [-3.8342746850949414, 4.696469698347061]
landmark_37: [-1.0921815973825941, -3.6254024922702754]
landmark_38: [-1.3610070202940783, 3.6074402008166686]
landmark_39: [-4.441431053016719, 4.223328859870831]
landmark_4: [-0.38745040571280676, -3.9487458154788815]
landmark_40: [-3.4208197281753883, 2.5779298101230284]
landmark_41: [2.0006260370251354, 3.7680400360030433]
landmark_42: [-2.3981983761848302, 1.7979407107435197]
landmark_43: [-4.028553989781791, 3.989361654154756]
landmark_44: [4.905968572745538, -2.29949217987318]
landmark_45: [-0.3529333415844773, 3.294687375093881]
landmark_46: [-0.589506711545253, -0.864541719033519]
landmark_47: [0.5529409395507123, -4.895161555933973]
landmark_48: [-1.5902747870209866, 3.7559468460654983]
landmark_49: [1.2850930191849326, 4.250397504310303]
landmark_5: [3.5999449908315757, -1.508819193254415]
landmark_6: [2.625602448222865, -2.244311006084584]
landmark_7: [3.4649253460364413, 0.7774458592492319]
landmark_8: [-0.39603652171184667, -1.9098701166003984]
landmark_9: [-2.3436201461444393, 1.2161762243505017]
